intrinsic:
965.7161514640821 0.0 953.7787147609223 
0.0 965.5445499422214 503.10881835221784 
0.0 0.0 1.0 
distortion:
-0.16747207964785868 1.3837868681143946 0.001064716477243299 -0.004812791031725264 -5.624905062297884 
