intrinsic:
1576.7482091345107 0.0 929.7997504021773 
0.0 1572.2211177749273 478.84741573618834 
0.0 0.0 1.0 
distortion:
-0.03513301419755053 0.36859013721854356 -0.0020541292897438474 -0.006828843841558708 -3.1700258318178776 
